011010000
011010000
011010000
000100001
100110000
001110001
010000001
100010000
000100001
100100000
001110000
110000000
110010000
110100000
110110000
011011111
011100011
001110000
010010000
101000000
101010000
011011111
011010000
011010000
011010000
001110010
010000001
100010000
000100001
101100000
011011111
001110001
111010000
011010000
011010000
011010000
011110110
101100000
001110000
010010000
111000000
011011111
010100010
010001000
110000000
100001100
010100011
010001001
110010000
100001100
010100100
010001010
110100000
100001100
010100101
010001011
110110000
011011111
001110001
010001101
111010000
011010000
011010000
011010000
011110110
101100000
001110000
010010000
111000000
011011111
011100010
100100000
011100011
100110000
011100100
101000000
011100101
101010000
011011111
100001100
010100010
010001000
110000000
100001100
010100011
010001001
110010000
100001100
010100100
010001010
110100000
100001100
010100101
010001011
110110000
011011111
001110001
010001101
111010000
001111001
011001101
001010001
011010000
011010000
011010000
001110001
111010000
100000001
010011101
100010000
000100001
101100000
011011111
001110001
111010000
011010000
011010000
011010000
011110110
101100000
001110000
010010000
111000000
011011111
011100010
100100000
011100011
100110000
011100100
101000000
011100101
101010000
011011111
100001100
010100010
010001000
110000000
100001100
010100011
010001001
110010000
100001100
010100100
010001010
110100000
100001100
010100101
010001011
110110000
011011111
001110001
010001101
111010000
001111001
011001101
001010010
011010000
011010000
011010000
000100001
011100000
001110000
010010000
101100000
011011111
001110001
111010000
011110110
001110000
010010000
111000000
011011111
011010000
011010000
011010000
011100010
100100000
011100011
100110000
011100100
101000000
011100101
101010000
011011111
100001100
010100010
010001000
110000000
100001100
010100011
010001001
110010000
100001100
010100100
010001010
110100000
100001100
010100101
010001011
110110000
011011111
001110001
010001101
111010000
001111111
101100000
001110010
010000110
011001101
001010011
011010000
011010000
011010000
011011111
100001011
000111110
001110001
010001110
111100000
100001010
000111110
001110001
010001110
111100000
100001001
000111110
001110001
010001110
111100000
100001000
000111110
001110001
010001110
111100000
011010000
011010000
001110010
010000001
100010000
011001111
001100100
011010000
011010000
011010000
