011010000
011010000
000100001
100100000
001110001
010000001
100010000
000100001
100110000
001110001
010000001
100010000
101000001
011010000
011010000
011010000
011010000
000100100
101010000
001110001
010000100
101000000
000100100
101100000
001110001
010000100
101000000
011011111
100000011
010010110
101110000
011010011
100000010
010010101
110000000
100001011
011000010
001011100
100001011
011000101
001011110
001001101
011010000
011010000
011011111
100001011
011000101
001011101
001001111
011010000
011010000
011011111
100001000
010101011
011001010
001011110
001001111
011010000
011010000
011010000
011011111
001110000
010010111
101110000
011010011
001110000
010011000
110000000
011010000
011010000
011011111
100001000
011001111
001010111
100001111
011001000
001011010
100001110
011000111
001011010
011010000
011010000
011011111
111111000
111100111
011010000
011010000
011011111
100001101
011001000
001011000
100001000
011001101
001011001
100000111
011001100
001011001
011010000
011010000
011011111
111011000
111000111
011010000
011010000
011011111
100001001
011000100
001011011
011010000
011010000
011011111
001110010
101000000
100001001
011011111
010010100
011011111
011000001
001010110
001110011
010001001
110010000
100001101
000111001
001110001
010001001
110010000
100001100
000111001
001110001
010001001
110010000
100001111
000111001
001110001
010001001
110010000
100001110
000111001
011010000
011010000
011010000
011010000
