011010000
011010000
000100001
100100000
001110001
010000001
100010000
000100001
100110000
001110001
010000001
100010000
101000001
011010000
011010000
011010000
011010000
000100100
101010000
001110001
010000100
101000000
000100100
101100000
001110001
010000100
101000000
100000010
010110101
101010000
100000011
010110110
101100000
001110000
110000000
101110000
011010000
011010000
011010000
001110001
010100101
010001000
110000000
001110001
010100110
010001000
110000000
011110101
011011111
101010000
011110110
011011111
101100000
001110001
010000111
101110000
001111000
011000111
001100010
001000001
011010000
011010000
011010000
011010000
011010000
011010000
011010000
100001000
011001111
001100011
111111000
011010000
011010000
011010000
100001000
011001110
001010100
111101000
011010000
011010000
011010000
100001001
011000100
001010101
100001010
011000001
001010111
011010000
011010000
011010000
011010000
011010000
011010000
001110001
010001001
110010000
100001110
000111001
001110001
010001001
110010000
100001111
000111001
011010000
011010000
011010000
011010000
011010000
011010000
011010000
